image: prechtl.pgm
resolution: 0.050000
origin: [-7.778979, -4.533203, 0.000000]
negate: 0
occupied_thresh: 0.65
free_thresh: 0.196

